{
"lowlevel": {
    "average_loudness": 0.203353613615,
    "barkbands_crest": {
        "dmean": 2.28730607033,
        "dmean2": 3.79585814476,
        "dvar": 4.57075548172,
        "dvar2": 12.7730646133,
        "max": 24.830286026,
        "mean": 11.8928413391,
        "median": 11.5451345444,
        "min": 2.70229721069,
        "var": 13.0753364563
    },
    "barkbands_flatness_db": {
        "dmean": 0.0226132720709,
        "dmean2": 0.0363500826061,
        "dvar": 0.000657494936604,
        "dvar2": 0.00184379250277,
        "max": 0.877774596214,
        "mean": 0.316745996475,
        "median": 0.308713793755,
        "min": 0.0356033816934,
        "var": 0.0125722093508
    },
    "barkbands_kurtosis": {
        "dmean": 1.96015679836,
        "dmean2": 3.21966958046,
        "dvar": 8.66413497925,
        "dvar2": 23.2167053223,
        "max": 70.6700286865,
        "mean": 3.94004440308,
        "median": 2.76215314865,
        "min": -1.77012693882,
        "var": 23.4639911652
    },
    "barkbands_skewness": {
        "dmean": 0.427592098713,
        "dmean2": 0.692445993423,
        "dvar": 0.1765370965,
        "dvar2": 0.469470083714,
        "max": 5.00880670547,
        "mean": 0.957268595695,
        "median": 0.912123799324,
        "min": -3.29415535927,
        "var": 1.71976149082
    },
    "barkbands_spread": {
        "dmean": 1.21539819241,
        "dmean2": 1.94561457634,
        "dvar": 2.4100549221,
        "dvar2": 5.68319225311,
        "max": 66.3521575928,
        "mean": 6.27490377426,
        "median": 4.99235010147,
        "min": 0.122583918273,
        "var": 34.3549766541
    },
    "dissonance": {
        "dmean": 0.0442654378712,
        "dmean2": 0.0760038346052,
        "dvar": 0.00201399158686,
        "dvar2": 0.0058889198117,
        "max": 0.500000059605,
        "mean": 0.407222419977,
        "median": 0.42398172617,
        "min": 0.0814697146416,
        "var": 0.00475523946807
    },
    "dynamic_complexity": 4.10746383667,
    "erbbands_crest": {
        "dmean": 2.97339940071,
        "dmean2": 4.90880823135,
        "dvar": 7.85581159592,
        "dvar2": 20.7360153198,
        "max": 32.1928520203,
        "mean": 12.2181854248,
        "median": 11.3309612274,
        "min": 2.66045427322,
        "var": 25.9965515137
    },
    "erbbands_flatness_db": {
        "dmean": 0.0185649748892,
        "dmean2": 0.0292372275144,
        "dvar": 0.000383585080272,
        "dvar2": 0.0010181266116,
        "max": 0.608282983303,
        "mean": 0.305360585451,
        "median": 0.293674200773,
        "min": 0.080574683845,
        "var": 0.0075899171643
    },
    "erbbands_kurtosis": {
        "dmean": 2.25373768806,
        "dmean2": 3.70932841301,
        "dvar": 19.3082942963,
        "dvar2": 51.6625709534,
        "max": 100.196853638,
        "mean": 3.6704146862,
        "median": 1.08490610123,
        "min": -1.56872653961,
        "var": 53.2385787964
    },
    "erbbands_skewness": {
        "dmean": 0.422753572464,
        "dmean2": 0.690370023251,
        "dvar": 0.185632050037,
        "dvar2": 0.51327419281,
        "max": 6.52663040161,
        "mean": 0.648279845715,
        "median": 0.576885163784,
        "min": -3.73537755013,
        "var": 0.988661587238
    },
    "erbbands_spread": {
        "dmean": 2.65417194366,
        "dmean2": 4.21914100647,
        "dvar": 8.35631465912,
        "dvar2": 20.5357818604,
        "max": 68.2007217407,
        "mean": 14.5964612961,
        "median": 11.9106903076,
        "min": 0.392304390669,
        "var": 119.296539307
    },
    "hfc": {
        "dmean": 2.09992861748,
        "dmean2": 3.38953709602,
        "dvar": 15.2942037582,
        "dvar2": 38.8705635071,
        "max": 70.5411148071,
        "mean": 6.88906478882,
        "median": 4.11344766617,
        "min": 1.02993608028e-16,
        "var": 57.9302482605
    },
    "melbands_crest": {
        "dmean": 2.7743461132,
        "dmean2": 4.65014791489,
        "dvar": 6.79111051559,
        "dvar2": 19.6400737762,
        "max": 32.2430076599,
        "mean": 15.6455163956,
        "median": 15.3961286545,
        "min": 1.50406098366,
        "var": 24.6275482178
    },
    "melbands_flatness_db": {
        "dmean": 0.0240504778922,
        "dmean2": 0.0381181314588,
        "dvar": 0.000826498784591,
        "dvar2": 0.00229051313363,
        "max": 1,
        "mean": 0.419508904219,
        "median": 0.412428349257,
        "min": 0.00375392194837,
        "var": 0.0201991833746
    },
    "melbands_kurtosis": {
        "dmean": 3.04384279251,
        "dmean2": 4.9825296402,
        "dvar": 18.9741249084,
        "dvar2": 49.542011261,
        "max": 78.3307495117,
        "mean": 6.94756221771,
        "median": 4.56996107101,
        "min": -1.63423073292,
        "var": 72.4431533813
    },
    "melbands_skewness": {
        "dmean": 0.48465269804,
        "dmean2": 0.778565704823,
        "dvar": 0.197591051459,
        "dvar2": 0.524634182453,
        "max": 7.0240945816,
        "mean": 1.61846518517,
        "median": 1.5281869173,
        "min": -2.29798698425,
        "var": 1.78605890274
    },
    "melbands_spread": {
        "dmean": 1.7621165514,
        "dmean2": 2.84801745415,
        "dvar": 13.2251501083,
        "dvar2": 30.5920944214,
        "max": 160.858444214,
        "mean": 9.2090549469,
        "median": 6.02620172501,
        "min": 0.17873057723,
        "var": 296.202362061
    },
    "pitch_salience": {
        "dmean": 0.0584776699543,
        "dmean2": 0.0978790894151,
        "dvar": 0.00290991412476,
        "dvar2": 0.00819491781294,
        "max": 0.971960902214,
        "mean": 0.524965763092,
        "median": 0.522592842579,
        "min": 0.10460537672,
        "var": 0.0128245214
    },
    "silence_rate_20dB": {
        "dmean": 0,
        "dmean2": 0,
        "dvar": 0,
        "dvar2": 0,
        "max": 1,
        "mean": 1,
        "median": 1,
        "min": 1,
        "var": 0
    },
    "silence_rate_30dB": {
        "dmean": 0.0115585383028,
        "dmean2": 0.0231213867664,
        "dvar": 0.0114249251783,
        "dvar2": 0.0281806159765,
        "max": 1,
        "mean": 0.984342992306,
        "median": 1,
        "min": 0,
        "var": 0.0154118416831
    },
    "silence_rate_60dB": {
        "dmean": 0.0115585383028,
        "dmean2": 0.0231213867664,
        "dvar": 0.0114248562604,
        "dvar2": 0.0274343099445,
        "max": 1,
        "mean": 0.128984153271,
        "median": 0,
        "min": 0,
        "var": 0.112342856824
    },
    "spectral_centroid": {
        "dmean": 66.6223754883,
        "dmean2": 104.064239502,
        "dvar": 37572.5117188,
        "dvar2": 57259.5742188,
        "max": 11726.2617188,
        "mean": 680.961120605,
        "median": 443.337768555,
        "min": 79.1371765137,
        "var": 1858295.875
    },
    "spectral_complexity": {
        "dmean": 1.33706188202,
        "dmean2": 2.26757407188,
        "dvar": 1.45983922482,
        "dvar2": 3.68770837784,
        "max": 36,
        "mean": 7.98807096481,
        "median": 8,
        "min": 0,
        "var": 12.2757196426
    },
    "spectral_decrease": {
        "dmean": 1.64907298927e-09,
        "dmean2": 2.74569122993e-09,
        "dvar": 8.07822352832e-18,
        "dvar2": 2.26248207758e-17,
        "max": 2.11646123082e-28,
        "mean": -6.1378244709e-09,
        "median": -4.25389368175e-09,
        "min": -5.78201095891e-08,
        "var": 4.0631035588e-17
    },
    "spectral_energy": {
        "dmean": 0.00640036584809,
        "dmean2": 0.0106493355706,
        "dvar": 0.000120479387988,
        "dvar2": 0.000336500641424,
        "max": 0.222424030304,
        "mean": 0.0237903743982,
        "median": 0.0165625866503,
        "min": 1.0070723625e-20,
        "var": 0.000603984342888
    },
    "spectral_energyband_high": {
        "dmean": 5.8289529079e-06,
        "dmean2": 9.17387205845e-06,
        "dvar": 3.65271457525e-09,
        "dvar2": 9.95784965596e-09,
        "max": 0.00547797093168,
        "mean": 2.2446114599e-05,
        "median": 1.44012676628e-06,
        "min": 7.11223461605e-21,
        "var": 5.07714830178e-08
    },
    "spectral_energyband_low": {
        "dmean": 0.00279100914486,
        "dmean2": 0.00478196470067,
        "dvar": 2.55034683505e-05,
        "dvar2": 7.81794224167e-05,
        "max": 0.0890869498253,
        "mean": 0.00847960356623,
        "median": 0.00644161272794,
        "min": 1.26262812459e-23,
        "var": 8.45999165904e-05
    },
    "spectral_energyband_middle_high": {
        "dmean": 0.000733012915589,
        "dmean2": 0.00121691566892,
        "dvar": 5.62715240449e-06,
        "dvar2": 1.46801985466e-05,
        "max": 0.0435768030584,
        "mean": 0.00151252723299,
        "median": 0.000349480367731,
        "min": 1.14767765797e-21,
        "var": 1.22899236885e-05
    },
    "spectral_energyband_middle_low": {
        "dmean": 0.00496836332604,
        "dmean2": 0.00827854778618,
        "dvar": 0.000104937331344,
        "dvar2": 0.000290385680273,
        "max": 0.20843051374,
        "mean": 0.0144971804693,
        "median": 0.00567755103111,
        "min": 1.6748748903e-22,
        "var": 0.00049781659618
    },
    "spectral_entropy": {
        "dmean": 0.153659015894,
        "dmean2": 0.24771630764,
        "dvar": 0.0258278194815,
        "dvar2": 0.0649347007275,
        "max": 9.825050354,
        "mean": 6.11165761948,
        "median": 6.26641988754,
        "min": 2.65099787712,
        "var": 0.852364122868
    },
    "spectral_flux": {
        "dmean": 0.0147484429181,
        "dmean2": 0.0250093862414,
        "dvar": 0.000286790862447,
        "dvar2": 0.000796828593593,
        "max": 0.268737703562,
        "mean": 0.0553291328251,
        "median": 0.0448125712574,
        "min": 6.32196309192e-11,
        "var": 0.0013852607226
    },
    "spectral_kurtosis": {
        "dmean": 39.6358108521,
        "dmean2": 70.6986465454,
        "dvar": 20384.6582031,
        "dvar2": 63535.7226562,
        "max": 2073.24487305,
        "mean": 68.5663986206,
        "median": 32.6243209839,
        "min": -1.25274443626,
        "var": 27460.3652344
    },
    "spectral_rms": {
        "dmean": 0.000555804697797,
        "dmean2": 0.000912216491997,
        "dvar": 4.54149841289e-07,
        "dvar2": 1.27904627334e-06,
        "max": 0.0147308874875,
        "mean": 0.00427697738633,
        "median": 0.00401977868751,
        "min": 3.13450090536e-12,
        "var": 4.91760647492e-06
    },
    "spectral_rolloff": {
        "dmean": 92.9275817871,
        "dmean2": 158.773666382,
        "dvar": 147177.25,
        "dvar2": 245139.46875,
        "max": 19573.6816406,
        "mean": 848.358337402,
        "median": 409.130859375,
        "min": 64.599609375,
        "var": 5537187
    },
    "spectral_skewness": {
        "dmean": 1.21918714046,
        "dmean2": 2.11537027359,
        "dvar": 4.96566867828,
        "dvar2": 15.5513591766,
        "max": 39.4348258972,
        "mean": 5.0366859436,
        "median": 4.04064130783,
        "min": -0.0975457578897,
        "var": 21.1391639709
    },
    "spectral_spread": {
        "dmean": 269499.34375,
        "dmean2": 455641.8125,
        "dvar": 473065160704,
        "dvar2": 735259066368,
        "max": 42038360,
        "mean": 2195907.5,
        "median": 1505144.25,
        "min": 42963.7578125,
        "var": 2.42618780877e+13
    },
    "spectral_strongpeak": {
        "dmean": 0.371909737587,
        "dmean2": 0.627527832985,
        "dvar": 0.451931864023,
        "dvar2": 1.17915296555,
        "max": 10.239689827,
        "mean": 0.784299373627,
        "median": 0.392383873463,
        "min": 0,
        "var": 0.992692708969
    },
    "zerocrossingrate": {
        "dmean": 0.00265605328605,
        "dmean2": 0.00359705672599,
        "dvar": 7.49002065277e-05,
        "dvar2": 0.000110801076517,
        "max": 0.52783203125,
        "mean": 0.0288118701428,
        "median": 0.01611328125,
        "min": 0.001953125,
        "var": 0.00394054409117
    },
    "barkbands": {
        "dmean": [0.000263691152213, 0.00155596912373, 0.00117681641132, 0.00211317278445, 0.00218941248022, 0.00175422860775, 0.000828342046589, 0.000293668475933, 0.000322582345689, 0.000273086159723, 0.000131780092488, 0.000204721975024, 0.000368982437067, 3.67760367226e-05, 3.87882537325e-05, 1.20740824059e-05, 4.90588536195e-06, 5.79058814765e-06, 3.77382184524e-06, 4.8871747822e-06, 1.7809268229e-06, 1.37762674512e-06, 1.26342558815e-06, 2.57240941437e-07, 8.43428225039e-08, 6.82020626641e-08, 9.06615511553e-08],
        "dmean2": [0.000465193472337, 0.00269338465296, 0.00179064401891, 0.00382260093465, 0.00360062136315, 0.00252350093797, 0.001331548905, 0.000429981213529, 0.000504469207954, 0.00043277462828, 0.000219010209548, 0.000349454727257, 0.000628036854323, 5.99338818574e-05, 6.34007446934e-05, 1.93908454094e-05, 8.1196822066e-06, 9.51345282374e-06, 6.21052777205e-06, 8.29477903608e-06, 2.67566042567e-06, 2.3809659524e-06, 2.07417701859e-06, 3.93799012954e-07, 1.28052789705e-07, 1.0126645833e-07, 1.62725669384e-07],
        "dvar": [3.47068635165e-07, 9.75584771368e-06, 4.69763426736e-06, 2.86878166662e-05, 2.8204114642e-05, 2.89136951324e-05, 5.35008030056e-06, 4.53747304618e-07, 1.1617336213e-06, 8.66763798513e-07, 3.73192392544e-07, 9.30877774863e-07, 3.80110623155e-06, 1.57709116877e-08, 2.21029434755e-08, 1.09297293438e-09, 1.35367550502e-10, 9.05089669878e-10, 6.50309861516e-10, 3.55587426171e-09, 3.09921199815e-10, 3.0483243707e-10, 2.45863884807e-10, 9.72904656144e-12, 7.5897675731e-13, 6.70075160723e-13, 1.06919854914e-12],
        "dvar2": [1.04602042938e-06, 2.95190420729e-05, 1.30023263409e-05, 9.75318398559e-05, 7.20427342458e-05, 6.18818303337e-05, 1.51464819282e-05, 8.53610288232e-07, 2.81759776044e-06, 2.17281717596e-06, 9.65562094279e-07, 2.61033574134e-06, 9.990108083e-06, 3.58471616835e-08, 4.1835534148e-08, 2.73679678919e-09, 3.47179091031e-10, 2.5176400964e-09, 1.78424985897e-09, 1.09262030534e-08, 7.19178494535e-10, 8.76691053087e-10, 5.94872817672e-10, 2.20827332115e-11, 1.85189060267e-12, 1.21535355564e-12, 3.32603584431e-12],
        "max": [0.0138922324404, 0.0756650045514, 0.0421296656132, 0.086429297924, 0.13404725492, 0.169484868646, 0.0554103292525, 0.0240843035281, 0.0268630143255, 0.0335552841425, 0.0141136227176, 0.0276506245136, 0.0401982590556, 0.00517966691405, 0.00786128174514, 0.000967639440205, 0.000315961544402, 0.00147485570051, 0.00138259585947, 0.00269746081904, 0.00113358767703, 0.00122984510381, 0.0013223439455, 0.000335832650308, 6.13484226051e-05, 8.37420593598e-05, 6.37609700789e-05],
        "mean": [0.000935244665015, 0.00424188096076, 0.00266544846818, 0.00313199311495, 0.00443892087787, 0.00403576064855, 0.00156545557547, 0.000620041158982, 0.000536767067388, 0.000448197097285, 0.000183906202437, 0.000286605092697, 0.00050541193923, 5.85559209867e-05, 6.19925340288e-05, 2.03221297852e-05, 8.97548852663e-06, 1.07228142951e-05, 8.81643700268e-06, 1.01519635791e-05, 6.15884073341e-06, 3.84412078347e-06, 3.73866760128e-06, 8.59341241721e-07, 2.41599906303e-07, 2.34855747294e-07, 1.79064315375e-07],
        "median": [0.000185412834981, 0.00253514898941, 0.0014074848732, 0.000277771760011, 0.00102867826354, 0.000828580581583, 0.0006373214419, 0.000156601294293, 0.000131308523123, 0.000118157782708, 2.80019739876e-05, 3.13044401992e-05, 2.21948303079e-05, 1.65695146279e-05, 9.74814520305e-06, 6.49198500469e-06, 3.86232204619e-06, 2.67831728706e-06, 1.55776331212e-06, 7.36511140076e-07, 3.8886471998e-07, 1.97537076474e-07, 1.05258237681e-07, 4.98922609893e-08, 2.77118985537e-08, 1.11111777557e-08, 1.27635124691e-09],
        "min": [2.67720433918e-25, 2.17918939927e-24, 4.79581873657e-25, 1.94695328473e-24, 7.19756532151e-24, 8.34597246126e-24, 8.76686288635e-24, 8.81606729645e-24, 9.04016926899e-24, 1.81358633017e-23, 1.26969584498e-23, 2.64956069077e-23, 3.00196347425e-23, 3.50722099544e-23, 3.71400952214e-23, 3.76076278364e-23, 8.506863325e-23, 1.06875721098e-22, 1.10244800874e-22, 1.59543142222e-22, 2.07780749642e-22, 2.92811183092e-22, 3.83463392762e-22, 6.00420740433e-22, 8.34255622022e-22, 1.333542072e-21, 1.95469443043e-21],
        "var": [1.99909050025e-06, 3.02225234918e-05, 1.35505270009e-05, 5.13548184244e-05, 8.14736777102e-05, 0.000114858084999, 9.55399445957e-06, 1.87464502233e-06, 2.26450424634e-06, 1.4569556015e-06, 5.72592909975e-07, 1.30160162826e-06, 5.47462786926e-06, 2.80816792042e-08, 5.37574926796e-08, 2.04254058112e-09, 2.88855994679e-10, 2.31333197043e-09, 2.63952659729e-09, 1.07313073983e-08, 3.64104080219e-09, 1.77084191755e-09, 1.95437843686e-09, 8.77024217139e-11, 3.26582554402e-12, 5.2495499267e-12, 3.34537584266e-12]
    },
    "erbbands": {
        "dmean": [0.0399660393596, 0.385812401772, 1.30691325665, 3.72396922112, 9.59935855865, 5.49893903732, 6.40395259857, 16.7157096863, 16.739818573, 6.24341821671, 6.4257774353, 8.63573932648, 7.52418899536, 7.55038738251, 4.35159349442, 8.90598011017, 18.654083252, 2.30120158195, 1.54293036461, 2.05637407303, 0.546672046185, 0.244911298156, 0.287198454142, 0.17223122716, 0.174945935607, 0.228336676955, 0.1177380234, 0.0766315311193, 0.052144959569, 0.0407243147492, 0.0214773975313, 0.00711206020787, 0.00571781070903, 0.00151943054516, 0.000424932368333, 0.000178773232619, 0.000133511712193, 5.42862653674e-05, 2.65033268079e-05, 7.8749626482e-06],
        "dmean2": [0.071015663445, 0.66035681963, 2.05865192413, 6.68274736404, 16.1015014648, 9.19304561615, 8.66355609894, 23.9119567871, 27.7891960144, 9.16106033325, 9.61524963379, 13.441151619, 12.0283470154, 12.1790323257, 7.22469425201, 15.2019233704, 31.5924530029, 3.7600543499, 2.51429486275, 3.36677932739, 0.862162649632, 0.39605820179, 0.465951472521, 0.283234804869, 0.278519570827, 0.378144204617, 0.195101201534, 0.114201113582, 0.0911275446415, 0.0683457702398, 0.034924916923, 0.0114332493395, 0.00856060069054, 0.00225239130668, 0.000638040015474, 0.000266790157184, 0.000203080999199, 8.76470221556e-05, 4.69177757623e-05, 1.31764745674e-05],
        "dvar": [0.0110912965611, 0.56704634428, 5.93667697906, 83.3953781128, 581.103088379, 191.136871338, 480.317810059, 2974.1015625, 2714.58081055, 202.554626465, 188.309265137, 965.780883789, 595.478393555, 744.13671875, 319.527191162, 1471.47363281, 9813.00488281, 48.0261535645, 25.7975978851, 67.1845550537, 1.67733025551, 0.357543498278, 1.64135742188, 0.764110565186, 1.55251777172, 7.18315982819, 1.63822472095, 0.801178514957, 0.608284413815, 0.235889971256, 0.0612243041396, 0.00390977365896, 0.00757233332843, 0.000296417740174, 8.96636265679e-06, 1.30208513838e-06, 2.15859176933e-06, 4.67359768663e-07, 9.46999065832e-08, 2.45037878877e-10],
        "dvar2": [0.0331189781427, 1.76326739788, 16.8052558899, 286.090667725, 1562.77783203, 540.023803711, 801.509338379, 6283.71826172, 7757.36181641, 380.351654053, 378.01864624, 2328.04882812, 1521.5020752, 1879.43859863, 855.572692871, 4266.94970703, 25680.0292969, 107.649803162, 57.3930625916, 159.552444458, 3.94678282738, 0.929178655148, 4.41499662399, 1.89270555973, 3.65749263763, 21.6875209808, 4.73663043976, 1.79517281055, 1.8572602272, 0.565973103046, 0.127180606127, 0.0104004079476, 0.0150919947773, 0.000752595195081, 1.7506934455e-05, 2.70152099802e-06, 4.27654913437e-06, 9.15564442039e-07, 2.86440439368e-07, 7.08679170902e-10],
        "max": [3.37916493416, 14.7463579178, 46.4481582642, 130.987884521, 623.851379395, 480.279327393, 713.97454834, 1720.48596191, 1174.33984375, 392.3644104, 405.62713623, 765.310180664, 673.530029297, 565.019042969, 533.40435791, 943.827087402, 2131.24511719, 208.787582397, 200.20451355, 238.092910767, 43.6409454346, 21.2115764618, 64.0776519775, 43.1038894653, 93.0194854736, 115.596046448, 80.3570327759, 53.086566925, 54.2451438904, 43.5246810913, 23.1908607483, 4.77245521545, 8.42565631866, 1.21909475327, 0.182723507285, 0.0703976899385, 0.140914350748, 0.067227832973, 0.0180944744498, 0.00047084671678],
        "mean": [0.151361718774, 0.875055253506, 2.99950551987, 6.53046369553, 16.3855552673, 12.6784763336, 15.5571880341, 36.565990448, 30.8136920929, 15.5542268753, 13.6893215179, 14.436425209, 12.5572767258, 12.4943437576, 7.07332038879, 14.0166606903, 25.8921356201, 3.96277952194, 2.68294119835, 3.19340491295, 1.04723572731, 0.51741707325, 0.579807519913, 0.440503627062, 0.448298484087, 0.465127170086, 0.329866349697, 0.240360319614, 0.142032295465, 0.146431803703, 0.0764625519514, 0.0211179386824, 0.0149492248893, 0.00417555496097, 0.00126936763991, 0.000573151628487, 0.000449741870398, 0.000171131527168, 5.53595236852e-05, 2.76735900115e-05],
        "median": [0.0537542663515, 0.572316527367, 1.73875999451, 1.57359015942, 2.70254850388, 3.15976285934, 2.68868851662, 7.71486759186, 12.1373672485, 5.38044214249, 4.43877315521, 3.62813997269, 3.81707286835, 2.71223545074, 1.67588269711, 1.39860272408, 1.1373770237, 1.02538895607, 0.690503239632, 0.53394895792, 0.357425749302, 0.228662207723, 0.169856250286, 0.102719515562, 0.0691517740488, 0.0371191054583, 0.0218301042914, 0.0132540510967, 0.00758681539446, 0.00460968725383, 0.00285344268195, 0.00151972682215, 0.000653521798085, 0.000351250404492, 0.000170220824657, 6.4269239374e-05, 2.01689999813e-05, 3.80038181902e-06, 8.80348216015e-06, 1.89191450772e-05],
        "min": [1.01941023794e-22, 3.80811002585e-22, 1.20577094014e-21, 6.39483638042e-21, 8.24221260821e-21, 2.78446539462e-20, 6.73512103608e-20, 1.00135622135e-19, 5.19149667678e-20, 1.87751969097e-19, 2.42073734179e-19, 2.02139018094e-19, 6.37557728931e-19, 7.16834718838e-19, 7.68083986159e-19, 1.24512509418e-18, 1.24888525045e-18, 1.9543870779e-18, 2.23080457564e-18, 2.92700837602e-18, 3.36326901455e-18, 5.28791295237e-18, 6.07918110504e-18, 4.67495267973e-18, 6.27938197434e-18, 7.96808939284e-18, 9.3356447657e-18, 1.10701473844e-17, 1.13505020551e-17, 1.07275912133e-17, 1.15312352287e-17, 1.02978468968e-17, 9.4899751613e-18, 9.07706148877e-18, 5.64794041886e-18, 3.8838280429e-18, 2.31779874707e-18, 9.7676443901e-19, 2.43806987755e-19, 2.63191858782e-20],
        "var": [0.0510424599051, 1.20341873169, 16.2036876678, 161.291244507, 1186.84472656, 767.125061035, 2162.43945312, 10769.5996094, 4908.79589844, 929.007446289, 688.248352051, 1768.40563965, 1011.56616211, 1374.98950195, 497.145385742, 2302.62548828, 14174.2021484, 92.4835510254, 55.6768341064, 125.787231445, 4.05918121338, 0.904024541378, 5.25752401352, 3.27442121506, 10.8268327713, 22.0527057648, 11.0005207062, 5.9977850914, 2.49629735947, 2.86411380768, 0.722525537014, 0.0401681214571, 0.0376189947128, 0.00148019136395, 6.08158479736e-05, 1.05195831566e-05, 1.7949989342e-05, 3.40109772878e-06, 2.58584037738e-07, 9.29205046241e-10]
    },
    "gfcc": {
        "mean": [-180.091339111, 196.66545105, -96.813659668, -3.61743402481, -40.3877563477, -12.8864612579, -23.3690681458, -9.89210414886, -8.53421211243, -6.5547246933, -2.23782753944, -8.00434303284, -2.27548956871],
        "cov": [[20872.1699219, 2256.61254883, -3056.80297852, 126.339881897, -1027.19897461, -74.8519287109, -407.248840332, -1.86694478989, -28.2036933899, 196.359390259, -4.79067182541, 75.3223342896, -219.313919067], [2256.61254883, 1970.06018066, 512.077453613, 207.802597046, 456.079223633, -40.7950820923, 186.09992981, -23.1253604889, 107.101150513, -176.628540039, 50.5498771667, -126.480072021, 77.854309082], [-3056.80297852, 512.077453613, 4308.77050781, 1183.86877441, 551.739440918, 83.262008667, -41.3955459595, -19.6079006195, -114.500488281, -156.21206665, -233.862854004, -134.654846191, -142.318145752], [126.339881897, 207.802597046, 1183.86877441, 1117.01574707, 405.139526367, 125.700080872, 95.1187438965, 184.996276855, 114.47454071, -67.8079223633, -51.7585334778, 34.442199707, -71.1975250244], [-1027.19897461, 456.079223633, 551.739440918, 405.139526367, 609.700256348, 196.786682129, 274.668182373, 97.1246643066, 188.691665649, -32.8641052246, 33.2250061035, -13.252450943, 56.72108078], [-74.8519287109, -40.7950820923, 83.262008667, 125.700080872, 196.786682129, 254.675933838, 136.198226929, 42.7368278503, 95.7248077393, 58.109577179, 18.9775066376, 15.5191164017, 17.0261726379], [-407.248840332, 186.09992981, -41.3955459595, 95.1187438965, 274.668182373, 136.198226929, 310.062164307, 80.9602813721, 128.569076538, 13.9372320175, 70.378288269, 16.7157840729, 39.6865959167], [-1.86694478989, -23.1253604889, -19.6079006195, 184.996276855, 97.1246643066, 42.7368278503, 80.9602813721, 202.91619873, 67.9362335205, -8.35797786713, 30.4567260742, 23.1635608673, -24.7127017975], [-28.2036933899, 107.101150513, -114.500488281, 114.47454071, 188.691665649, 95.7248077393, 128.569076538, 67.9362335205, 217.449707031, 53.7889518738, 42.9667854309, 13.6460838318, 19.3059616089], [196.359390259, -176.628540039, -156.21206665, -67.8079223633, -32.8641052246, 58.109577179, 13.9372320175, -8.35797786713, 53.7889518738, 138.354812622, 18.739408493, 15.3615055084, 1.53797340393], [-4.79067182541, 50.5498771667, -233.862854004, -51.7585334778, 33.2250061035, 18.9775066376, 70.378288269, 30.4567260742, 42.9667854309, 18.739408493, 106.443748474, 33.3023643494, 22.8978824615], [75.3223342896, -126.480072021, -134.654846191, 34.442199707, -13.252450943, 15.5191164017, 16.7157840729, 23.1635608673, 13.6460838318, 15.3615055084, 33.3023643494, 82.6381225586, 18.4964981079], [-219.313919067, 77.854309082, -142.318145752, -71.1975250244, 56.72108078, 17.0261726379, 39.6865959167, -24.7127017975, 19.3059616089, 1.53797340393, 22.8978824615, 18.4964981079, 96.5201263428]],
        "icov": [[0.000200020163902, -0.000591525807977, 0.000241022717091, -0.000349231326254, 0.000699899159372, -0.000534398830496, 0.000159783303388, -4.85106829728e-05, 0.000222472488531, -0.000662569829728, 0.000525968323927, -0.000613789539784, 0.000593146251049], [-0.000591525807977, 0.00264730490744, -0.000730105908588, 0.000897084421013, -0.00251455162652, 0.00208956492133, -0.000622129009571, 0.000585158588365, -0.00101761647966, 0.00283905258402, -0.00243418850005, 0.00332531449385, -0.002280959161], [0.000241022717091, -0.000730105908588, 0.000772098370362, -0.000853713892866, 0.000307335722027, -0.000597861711867, 0.000339593389072, 0.000302919448586, 0.000909628870431, -0.000975957431365, 0.00100019713864, -0.000349290494341, 0.00117132405285], [-0.000349231326254, 0.000897084421013, -0.000853713892866, 0.00289170537144, -0.00228823325597, 0.000734323170036, 0.000320619059494, -0.00119798083324, -0.00103201321326, 0.00166221056134, 0.000284548645141, -0.00151208823081, 0.000535941973794], [0.000699899159372, -0.00251455162652, 0.000307335722027, -0.00228823325597, 0.00887793488801, -0.00399252492934, -0.00218643527478, -0.000440651871031, -0.0018789988244, -0.000430099957157, 0.00147435744293, -0.000212588696741, -0.00126923923381], [-0.000534398830496, 0.00208956492133, -0.000597861711867, 0.000734323170036, -0.00399252492934, 0.00855887215585, -0.00201059365645, 0.000347120309016, -0.000585253175814, -0.00101891544182, -0.000724144047126, 0.00136801088229, -0.00144463148899], [0.000159783303388, -0.000622129009571, 0.000339593389072, 0.000320619059494, -0.00218643527478, -0.00201059365645, 0.0075195748359, -0.00126168120187, -0.000427351624239, -0.000456633249996, -0.00191617070232, -0.00101829995401, 0.000569243798964], [-4.85106829728e-05, 0.000585158588365, 0.000302919448586, -0.00119798083324, -0.000440651871031, 0.000347120309016, -0.00126168120187, 0.00778730213642, -0.00120914971922, 0.00160942983348, -0.00180593365803, -2.63816909865e-05, 0.00234076846391], [0.000222472488531, -0.00101761647966, 0.000909628870431, -0.00103201321326, -0.0018789988244, -0.000585253175814, -0.000427351624239, -0.00120914971922, 0.00983414147049, -0.00511613255367, 0.000183523326996, -0.000622760970145, 0.00117018923629], [-0.000662569829728, 0.00283905258402, -0.000975957431365, 0.00166221056134, -0.000430099957157, -0.00101891544182, -0.000456633249996, 0.00160942983348, -0.00511613255367, 0.0141697861254, -0.00333980144933, 0.00239966413938, -0.00184611033183], [0.000525968323927, -0.00243418850005, 0.00100019713864, 0.000284548645141, 0.00147435744293, -0.000724144047126, -0.00191617070232, -0.00180593365803, 0.000183523326996, -0.00333980144933, 0.0169951021671, -0.00812735687941, 0.00197220942937], [-0.000613789539784, 0.00332531449385, -0.000349290494341, -0.00151208823081, -0.000212588696741, 0.00136801088229, -0.00101829995401, -2.63816909865e-05, -0.000622760970145, 0.00239966413938, -0.00812735687941, 0.0223859399557, -0.0076872324571], [0.000593146251049, -0.002280959161, 0.00117132405285, 0.000535941973794, -0.00126923923381, -0.00144463148899, 0.000569243798964, 0.00234076846391, 0.00117018923629, -0.00184611033183, 0.00197220942937, -0.0076872324571, 0.0178371686488]]
    },
    "melbands": {
        "dmean": [0.000376640993636, 0.000606527144555, 0.000822467729449, 0.000576484424528, 0.000193547035451, 0.000372361944756, 0.000237784581259, 6.4040068537e-05, 5.59365544177e-05, 4.83995427203e-05, 3.84548839065e-05, 3.1832500099e-05, 1.44144260048e-05, 2.41944890149e-05, 3.71085552615e-05, 2.53794642049e-05, 3.48336448042e-06, 2.74669787359e-06, 2.65846574621e-06, 1.85310432244e-06, 5.49142555428e-07, 2.79844357465e-07, 2.95972881759e-07, 2.92334163987e-07, 1.43283557463e-07, 1.83592305802e-07, 1.2422829343e-07, 2.03219698847e-07, 1.18359480439e-07, 5.94795430686e-08, 4.81678483766e-08, 3.50118085635e-08, 2.58401318121e-08, 3.62749545957e-08, 1.81007902e-08, 1.00816812676e-08, 3.69743879958e-09, 4.24865564952e-09, 2.92214519249e-09, 1.06109976361e-09],
        "dmean2": [0.000658909382764, 0.000997126451693, 0.00143831083551, 0.000971199304331, 0.000267524388619, 0.000542002147995, 0.00039102853043, 9.24818959902e-05, 8.52564553497e-05, 7.56990702939e-05, 6.14764066995e-05, 5.13021150255e-05, 2.36073374253e-05, 4.11677647207e-05, 6.33916642983e-05, 4.2768795538e-05, 5.67605366086e-06, 4.48828041044e-06, 4.26719361712e-06, 3.03486672237e-06, 8.61320586409e-07, 4.5987383146e-07, 4.76108567682e-07, 4.86573924263e-07, 2.35945137206e-07, 3.0602191714e-07, 2.14731826986e-07, 3.43656438417e-07, 2.03750815331e-07, 1.02168392857e-07, 7.16445711646e-08, 5.99412430802e-08, 4.30201758661e-08, 6.24383602599e-08, 2.91027806298e-08, 1.65761058213e-08, 6.0485221276e-09, 6.57493348655e-09, 4.60283144932e-09, 1.62031510431e-09],
        "dvar": [7.04480044078e-07, 1.25247345295e-06, 3.97519124817e-06, 1.97479721464e-06, 3.80409943546e-07, 1.40393115089e-06, 4.97485700635e-07, 2.13207105304e-08, 1.46708032389e-08, 2.91648216688e-08, 1.68469664885e-08, 1.31884005938e-08, 2.88234969226e-09, 1.5272149767e-08, 3.276988636e-08, 1.72116330077e-08, 1.19789289599e-10, 9.64578139584e-11, 1.62240845758e-10, 4.59767501848e-11, 2.33220669339e-12, 5.51484097104e-13, 7.27408855806e-13, 3.33677248159e-12, 4.36605666985e-13, 1.94478265957e-12, 1.65697620555e-12, 5.88857868716e-12, 1.8762704064e-12, 4.6818386841e-13, 3.24863833751e-13, 2.79060710087e-13, 8.26410066681e-14, 2.1563935533e-13, 5.37002591645e-14, 8.48097413559e-15, 1.5033682849e-15, 3.68624545832e-15, 1.8224436903e-15, 1.12901352412e-16],
        "dvar2": [2.09311474464e-06, 3.67819416169e-06, 1.28913497974e-05, 5.23845892531e-06, 6.33941510841e-07, 3.1016511457e-06, 1.40367603763e-06, 3.89957293123e-08, 3.17004626993e-08, 7.03262372781e-08, 4.28616679926e-08, 3.28617666412e-08, 7.52022355499e-09, 4.21632400105e-08, 8.7688192707e-08, 4.48391723751e-08, 2.51374560056e-10, 2.34690905598e-10, 2.55888976675e-10, 1.17049855919e-10, 5.13343664452e-12, 1.44889742565e-12, 1.75336947652e-12, 9.10790626946e-12, 1.0812961854e-12, 5.55053572548e-12, 4.9670805663e-12, 1.80141908335e-11, 5.80049159746e-12, 1.39430893047e-12, 6.60308667553e-13, 8.6322545249e-13, 1.92935064084e-13, 5.59505133196e-13, 1.22704404688e-13, 2.28319052304e-14, 4.40882978386e-15, 7.76760806961e-15, 4.31088312901e-15, 2.77119904765e-16],
        "max": [0.0259678158909, 0.0215519908816, 0.0338702015579, 0.0362718105316, 0.0205738898367, 0.0358580574393, 0.0151441665366, 0.00472777336836, 0.00314861326478, 0.00419697212055, 0.00393585860729, 0.00305434758775, 0.00111463316716, 0.00398451928049, 0.00363893806934, 0.00296561233699, 0.000463420379674, 0.000470898812637, 0.000818414264359, 0.000175003660843, 6.96457136655e-05, 2.31437879847e-05, 3.26168919855e-05, 8.82866443135e-05, 2.98818376905e-05, 7.17749499017e-05, 7.10672611604e-05, 0.000101095305581, 6.88322616043e-05, 3.78511504096e-05, 3.34432043019e-05, 3.33065727318e-05, 2.07769098779e-05, 3.53667346644e-05, 1.89363945537e-05, 5.18633305546e-06, 2.41477528107e-06, 5.73466741116e-06, 3.30422244588e-06, 6.82562415477e-07],
        "mean": [0.00126277387608, 0.00138302100822, 0.00147218198981, 0.00115529913455, 0.000490839069244, 0.000817361986265, 0.000446552527137, 0.000157726288307, 0.000112500492833, 8.02944850875e-05, 6.11523573752e-05, 5.19074965268e-05, 2.21683840209e-05, 3.4070260881e-05, 5.51475059183e-05, 3.50340742443e-05, 5.44291833648e-06, 4.2836436478e-06, 4.32049137089e-06, 2.82085966319e-06, 9.81108541964e-07, 5.09795938797e-07, 5.27486804458e-07, 5.22612424447e-07, 3.29381180109e-07, 3.68963583242e-07, 2.54305405178e-07, 3.48574218378e-07, 2.33425865304e-07, 1.57095485065e-07, 1.31705505169e-07, 7.6260221249e-08, 7.06676885898e-08, 9.65534781017e-08, 5.46479341779e-08, 1.91436733132e-08, 9.78654401962e-09, 1.06005924039e-08, 6.50447962158e-09, 2.76061351556e-09],
        "median": [0.000695477123372, 0.000898266735021, 0.000335103191901, 0.000257319567027, 0.000104750513856, 0.000180389804882, 0.00017562181165, 4.98888875882e-05, 3.70738343918e-05, 1.93852629309e-05, 1.74780761881e-05, 1.030716885e-05, 4.71225848742e-06, 3.97664598495e-06, 2.65229778051e-06, 1.96567134481e-06, 1.64926302659e-06, 1.04114133137e-06, 6.7737119025e-07, 5.80288769925e-07, 3.08124185722e-07, 2.14261561382e-07, 1.8247114042e-07, 1.15092355202e-07, 7.25950215497e-08, 5.71396903126e-08, 3.19825197437e-08, 2.11502317882e-08, 1.49959067386e-08, 8.41979019839e-09, 6.51605036595e-09, 4.42271286261e-09, 2.64387423066e-09, 2.27971241884e-09, 1.56133339591e-09, 1.25784826999e-09, 6.77305600494e-10, 4.17009898834e-10, 3.44199280189e-10, 2.50101106491e-10],
        "min": [1.35772615474e-24, 7.48442926489e-25, 1.42988967123e-24, 8.58206216133e-25, 2.22892668492e-24, 1.95554299391e-24, 1.1365371497e-24, 2.08797380723e-24, 1.44986362935e-24, 1.37582548353e-24, 3.02617554814e-24, 2.59386517816e-24, 2.33717989757e-24, 3.28434447887e-24, 1.22456939217e-24, 3.01072708782e-24, 2.64241759472e-24, 3.15867262578e-24, 3.46217443451e-24, 3.12952441255e-24, 3.39988597743e-24, 4.92605848873e-24, 4.65657334832e-24, 5.28150935186e-24, 3.25439813562e-24, 4.43413232241e-24, 5.01903047958e-24, 4.74571029187e-24, 4.27548056146e-24, 5.24720257996e-24, 5.49889377936e-24, 5.88559970599e-24, 4.50095791299e-24, 5.13666699549e-24, 5.73372781009e-24, 5.68375583832e-24, 5.61025609006e-24, 5.62158097722e-24, 5.18964413287e-24, 6.96927055327e-24],
        "var": [2.88626506517e-06, 3.07037930725e-06, 7.80470509198e-06, 5.48978096049e-06, 1.77155732217e-06, 4.94740879731e-06, 9.41115160913e-07, 1.05367391257e-07, 4.70324259538e-08, 5.46931175904e-08, 2.72472693297e-08, 2.47520208774e-08, 4.74311434573e-09, 2.11574384679e-08, 5.08118063181e-08, 2.47923264141e-08, 2.10044287519e-10, 1.65601463098e-10, 4.33451996518e-10, 7.47416781244e-11, 5.16310865589e-12, 1.07144198028e-12, 2.00290218438e-12, 7.51952233119e-12, 1.71131967104e-12, 5.75520880952e-12, 5.68541611359e-12, 1.37780819739e-11, 5.97690863816e-12, 2.58042372192e-12, 1.93085499846e-12, 7.76738916242e-13, 6.22896807918e-13, 1.4145358062e-12, 4.1233143744e-13, 3.65001845209e-14, 8.58344309935e-15, 1.79691737835e-14, 6.52309898263e-15, 5.19167298619e-16]
    },
    "mfcc": {
        "mean": [-811.700195312, 219.761810303, 10.066860199, 14.2906093597, 3.93268322945, -3.21163463593, -3.870626688, -4.36370611191, -4.68766975403, -0.260146617889, -0.330055087805, -0.802646279335, -0.123857066035],
        "cov": [[5612.46484375, 1471.95239258, -1487.12487793, -382.016326904, -397.446014404, 4.76092624664, -130.565582275, -64.2439880371, -20.839673996, 102.656204224, 117.891723633, 163.059371948, 149.674850464], [1471.95239258, 1691.26135254, 141.482650757, 25.6604042053, 183.309524536, -1.56874155998, 72.579208374, 33.0292816162, 20.1873149872, 22.4444999695, 13.3576669693, 7.766705513, 15.3461732864], [-1487.12487793, 141.482650757, 2472.7487793, 1364.92834473, 588.524108887, 325.894195557, 107.137153625, 161.199630737, 52.818271637, -23.5020484924, -82.2188339233, -94.9507980347, -90.871711731], [-382.016326904, 25.6604042053, 1364.92834473, 1222.98608398, 564.793334961, 242.470916748, 127.2239151, 266.318237305, 141.37979126, 56.4856033325, -4.88034057617, -39.7851753235, -30.2515583038], [-397.446014404, 183.309524536, 588.524108887, 564.793334961, 518.158569336, 192.902526855, 139.426452637, 203.620300293, 154.872894287, 90.4403152466, 24.6795883179, 1.21896243095, 4.32857275009], [4.76092624664, -1.56874155998, 325.894195557, 242.470916748, 192.902526855, 319.016601562, 92.5283279419, 36.3067398071, 120.577026367, 67.1435394287, 24.3098106384, 49.6142120361, 24.4029998779], [-130.565582275, 72.579208374, 107.137153625, 127.2239151, 139.426452637, 92.5283279419, 198.803756714, 129.728424072, 69.4066009521, 45.9194335938, 24.5569267273, 15.305519104, 16.3480358124], [-64.2439880371, 33.0292816162, 161.199630737, 266.318237305, 203.620300293, 36.3067398071, 129.728424072, 249.66619873, 89.7685623169, 57.5953598022, 43.8708000183, -8.05916118622, 4.67091798782], [-20.839673996, 20.1873149872, 52.818271637, 141.37979126, 154.872894287, 120.577026367, 69.4066009521, 89.7685623169, 168.783538818, 93.3538208008, 37.7232170105, 44.4734611511, 26.3402519226], [102.656204224, 22.4444999695, -23.5020484924, 56.4856033325, 90.4403152466, 67.1435394287, 45.9194335938, 57.5953598022, 93.3538208008, 122.191802979, 61.5630950928, 40.5767402649, 30.9388771057], [117.891723633, 13.3576669693, -82.2188339233, -4.88034057617, 24.6795883179, 24.3098106384, 24.5569267273, 43.8708000183, 37.7232170105, 61.5630950928, 104.719367981, 56.6275558472, 26.6667823792], [163.059371948, 7.766705513, -94.9507980347, -39.7851753235, 1.21896243095, 49.6142120361, 15.305519104, -8.05916118622, 44.4734611511, 40.5767402649, 56.6275558472, 100.432151794, 50.7107467651], [149.674850464, 15.3461732864, -90.871711731, -30.2515583038, 4.32857275009, 24.4029998779, 16.3480358124, 4.67091798782, 26.3402519226, 30.9388771057, 26.6667823792, 50.7107467651, 72.0216293335]],
