{
"lowlevel": {
    "average_loudness": 0.95806992054,
    "barkbands_crest": {
        "dmean": 2.81178045273,
        "dmean2": 4.74863529205,
        "dvar": 9.80861568451,
        "dvar2": 25.6594734192,
        "max": 24.4800262451,
        "mean": 6.92574930191,
        "median": 5.68249034882,
        "min": 2.16426110268,
        "var": 14.924369812
    },
    "barkbands_flatness_db": {
        "dmean": 0.0185883436352,
        "dmean2": 0.0304314158857,
        "dvar": 0.000492553284857,
        "dvar2": 0.00123880826868,
        "max": 0.449675261974,
        "mean": 0.0812467858195,
        "median": 0.0683727711439,
        "min": 0.0300551112741,
        "var": 0.0015086652711
    },
    "barkbands_kurtosis": {
        "dmean": 1.51939332485,
        "dmean2": 2.57115077972,
        "dvar": 50.7497711182,
        "dvar2": 132.495376587,
        "max": 426.032348633,
        "mean": 0.157807990909,
        "median": -1.07769036293,
        "min": -1.78613913059,
        "var": 41.9785881042
    },
    "barkbands_skewness": {
        "dmean": 0.561308562756,
        "dmean2": 0.899070382118,
        "dvar": 0.427283585072,
        "dvar2": 1.0204988718,
        "max": 19.6756801605,
        "mean": 0.57372289896,
        "median": 0.403160452843,
        "min": -5.59851932526,
        "var": 1.10326135159
    },
    "barkbands_spread": {
        "dmean": 7.94067001343,
        "dmean2": 13.1920728683,
        "dvar": 66.4062805176,
        "dvar2": 188.415359497,
        "max": 98.8401641846,
        "mean": 42.3575210571,
        "median": 43.6055755615,
        "min": 1.13229453564,
        "var": 171.313461304
    },
    "dissonance": {
        "dmean": 0.00648626824841,
        "dmean2": 0.0112753557041,
        "dvar": 8.86193374754e-05,
        "dvar2": 0.000253634672845,
        "max": 0.500000178814,
        "mean": 0.490167289972,
        "median": 0.492105185986,
        "min": 0.176980525255,
        "var": 8.08705735835e-05
    },
    "dynamic_complexity": 2.35813450813,
    "erbbands_crest": {
        "dmean": 1.6788533926,
        "dmean2": 2.82777810097,
        "dvar": 2.48913884163,
        "dvar2": 6.79544782639,
        "max": 21.2543334961,
        "mean": 6.23389482498,
        "median": 5.7654671669,
        "min": 2.65929389,
        "var": 4.55419826508
    },
    "erbbands_flatness_db": {
        "dmean": 0.0118318106979,
        "dmean2": 0.0189935471863,
        "dvar": 0.000122817320516,
        "dvar2": 0.000285730144242,
        "max": 0.321979701519,
        "mean": 0.13839893043,
        "median": 0.134003728628,
        "min": 0.0474982149899,
        "var": 0.000633743533399
    },
    "erbbands_kurtosis": {
        "dmean": 0.76584905386,
        "dmean2": 1.23535192013,
        "dvar": 0.660873651505,
        "dvar2": 1.61207520962,
        "max": 22.0940933228,
        "mean": 0.581027984619,
        "median": 0.418365597725,
        "min": -1.74030685425,
        "var": 2.0054795742
    },
    "erbbands_skewness": {
        "dmean": 0.271547168493,
        "dmean2": 0.42847442627,
        "dvar": 0.0682335868478,
        "dvar2": 0.156518414617,
        "max": 2.21653056145,
        "mean": -0.67470407486,
        "median": -0.76294696331,
        "min": -2.42950201035,
        "var": 0.245878070593
    },
    "erbbands_spread": {
        "dmean": 7.54564476013,
        "dmean2": 12.0700750351,
        "dvar": 48.8867263794,
        "dvar2": 114.156105042,
        "max": 147.832748413,
        "mean": 39.7703437805,
        "median": 37.2630615234,
        "min": 4.01923036575,
        "var": 172.360702515
    },
    "hfc": {
        "dmean": 9.00470161438,
        "dmean2": 15.1736373901,
        "dvar": 193.445480347,
        "dvar2": 530.26953125,
        "max": 189.40637207,
        "mean": 34.928188324,
        "median": 33.6159858704,
        "min": 1.04898982173e-16,
        "var": 380.576538086
    },
    "melbands_crest": {
        "dmean": 4.51061153412,
        "dmean2": 7.53156852722,
        "dvar": 23.8990898132,
        "dvar2": 60.4277038574,
        "max": 39.1008911133,
        "mean": 12.0343923569,
        "median": 10.489862442,
        "min": 1.00665354729,
        "var": 39.4147071838
    },
    "melbands_flatness_db": {
        "dmean": 0.0287565495819,
        "dmean2": 0.0465964563191,
        "dvar": 0.000964457402006,
        "dvar2": 0.00242568692192,
        "max": 0.49417963624,
        "mean": 0.116613686085,
        "median": 0.104182943702,
        "min": 2.5023146577e-07,
        "var": 0.00296306121163
    },
    "melbands_kurtosis": {
        "dmean": 6.08078765869,
        "dmean2": 10.2729358673,
        "dvar": 632.335266113,
        "dvar2": 1701.21520996,
        "max": 1470.16601562,
        "mean": 6.4997959137,
        "median": 2.31428718567,
        "min": -1.83804237843,
        "var": 483.035919189
    },
    "melbands_skewness": {
        "dmean": 0.845937550068,
        "dmean2": 1.3794772625,
        "dvar": 1.1921954155,
        "dvar2": 2.98182153702,
        "max": 36.0471420288,
        "mean": 2.10240840912,
        "median": 1.77296996117,
        "min": -3.12510275841,
        "var": 2.26829719543
    },
    "melbands_spread": {
        "dmean": 15.4496850967,
        "dmean2": 25.0439853668,
        "dvar": 214.906570435,
        "dvar2": 546.575012207,
        "max": 224.033615112,
        "mean": 54.4176330566,
        "median": 54.2887420654,
        "min": 0.638933718204,
        "var": 720.069519043
    },
    "pitch_salience": {
        "dmean": 0.0815026685596,
        "dmean2": 0.136076852679,
        "dvar": 0.00899668876082,
        "dvar2": 0.0230456534773,
        "max": 0.995870053768,
        "mean": 0.667966067791,
        "median": 0.69849896431,
        "min": 0.0710173472762,
        "var": 0.0125202490017
    },
    "silence_rate_20dB": {
        "dmean": 0,
        "dmean2": 0,
        "dvar": 0,
        "dvar2": 0,
        "max": 1,
        "mean": 1,
        "median": 1,
        "min": 1,
        "var": 0
    },
    "silence_rate_30dB": {
        "dmean": 0,
        "dmean2": 0,
        "dvar": 0,
        "dvar2": 0,
        "max": 1,
        "mean": 1,
        "median": 1,
        "min": 1,
        "var": 0
    },
    "silence_rate_60dB": {
        "dmean": 0.0039871186018,
        "dmean2": 0.00797546003014,
        "dvar": 0.00397117203102,
        "dvar2": 0.00975254271179,
        "max": 1,
        "mean": 0.0470714494586,
        "median": 0,
        "min": 0,
        "var": 0.0448543578386
    },
    "spectral_centroid": {
        "dmean": 293.814941406,
        "dmean2": 463.930023193,
        "dvar": 123228.96875,
        "dvar2": 249570.015625,
        "max": 11907.0732422,
        "mean": 2590.0456543,
        "median": 2475.8671875,
        "min": 317.268737793,
        "var": 2052479.125
    },
    "spectral_complexity": {
        "dmean": 4.54163455963,
        "dmean2": 7.05920267105,
        "dvar": 16.1141891479,
        "dvar2": 35.3075332642,
        "max": 66,
        "mean": 36.4060096741,
        "median": 39,
        "min": 0,
        "var": 151.482391357
    },
    "spectral_decrease": {
        "dmean": 3.35642758031e-09,
        "dmean2": 5.75774139477e-09,
        "dvar": 3.1138446536e-17,
        "dvar2": 8.28764828862e-17,
        "max": 2.22280891568e-28,
        "mean": -6.33257579707e-09,
        "median": -4.91494311916e-09,
        "min": -4.06736262448e-08,
        "var": 2.87234100195e-17
    },
    "spectral_energy": {
        "dmean": 0.0131926164031,
        "dmean2": 0.0225779004395,
        "dvar": 0.000470006460091,
        "dvar2": 0.00124699075241,
        "max": 0.160898700356,
        "mean": 0.0270686689764,
        "median": 0.02183605358,
        "min": 9.74735012769e-21,
        "var": 0.000450482824817
    },
    "spectral_energyband_high": {
        "dmean": 0.000872386561241,
        "dmean2": 0.00148976233322,
        "dvar": 2.33094965552e-06,
        "dvar2": 6.49205185255e-06,
        "max": 0.0250457879156,
        "mean": 0.00279448926449,
        "median": 0.00264456495643,
        "min": 7.03452083594e-21,
        "var": 3.88474882129e-06
    },
    "spectral_energyband_low": {
        "dmean": 0.00912438426167,
        "dmean2": 0.0159064009786,
        "dvar": 0.000380081677577,
        "dvar2": 0.00103720487095,
        "max": 0.139821976423,
        "mean": 0.00942907948047,
        "median": 0.00429222267121,
        "min": 1.22583651972e-23,
        "var": 0.000288918003207
    },
    "spectral_energyband_middle_high": {
        "dmean": 0.00219176360406,
        "dmean2": 0.00349704455584,
        "dvar": 7.56072540753e-06,
        "dvar2": 1.86234683497e-05,
        "max": 0.0368954874575,
        "mean": 0.00739451916888,
        "median": 0.00627779494971,
        "min": 1.12385370523e-21,
        "var": 2.38606062339e-05
    },
    "spectral_energyband_middle_low": {
        "dmean": 0.0044227684848,
        "dmean2": 0.00748136034235,
        "dvar": 6.04224514973e-05,
        "dvar2": 0.000165923134773,
        "max": 0.0727036520839,
        "mean": 0.00840675737709,
        "median": 0.00654501561075,
        "min": 1.75066284006e-22,
        "var": 5.79582556384e-05
    },
    "spectral_entropy": {
        "dmean": 0.0732854157686,
        "dmean2": 0.114319689572,
        "dvar": 0.00660367263481,
        "dvar2": 0.0132442507893,
        "max": 9.82709693909,
        "mean": 8.06797885895,
        "median": 8.0748500824,
        "min": 6.71950483322,
        "var": 0.111571356654
    },
    "spectral_flux": {
        "dmean": 0.028500944376,
        "dmean2": 0.0468792319298,
        "dvar": 0.00163753307424,
        "dvar2": 0.00310847256333,
        "max": 0.340004503727,
        "mean": 0.102459825575,
        "median": 0.0895003378391,
        "min": 6.36817334976e-11,
        "var": 0.00296076131053
    },
    "spectral_kurtosis": {
        "dmean": 0.716234385967,
        "dmean2": 1.24847924709,
        "dvar": 0.668390154839,
        "dvar2": 2.07244610786,
        "max": 14.4115161896,
        "mean": 2.44210720062,
        "median": 2.31538534164,
        "min": -1.30638206005,
        "var": 1.34551262856
    },
    "spectral_rms": {
        "dmean": 0.00104366347659,
        "dmean2": 0.00172475422733,
        "dvar": 1.96737323677e-06,
        "dvar2": 5.03674027641e-06,
        "max": 0.0125289401039,
        "mean": 0.00480562262237,
        "median": 0.00461556809023,
        "min": 3.0837656647e-12,
        "var": 3.31456794811e-06
    },
    "spectral_rolloff": {
        "dmean": 832.334289551,
        "dmean2": 1379.62255859,
        "dvar": 963713.625,
        "dvar2": 2206517.5,
        "max": 19767.4804688,
        "mean": 3501.73071289,
        "median": 3143.84765625,
        "min": 21.533203125,
        "var": 7804224.5
    },
    "spectral_skewness": {
        "dmean": 0.127098277211,
        "dmean2": 0.214160382748,
        "dvar": 0.016676845029,
        "dvar2": 0.0466525964439,
        "max": 2.37991404533,
        "mean": 1.01045048237,
        "median": 1.01977205276,
        "min": -0.120210051537,
        "var": 0.0553833171725
    },
    "spectral_spread": {
        "dmean": 366422.3125,
        "dmean2": 572305.1875,
        "dvar": 937822453760,
        "dvar2": 1.4588126167e+12,
        "max": 49666360,
        "mean": 5245728,
        "median": 4418127,
        "min": 2059217.5,
        "var": 3.18551642604e+13
    },
    "spectral_strongpeak": {
        "dmean": 0.367874622345,
        "dmean2": 0.641371369362,
        "dvar": 0.36460724473,
        "dvar2": 1.00088799,
        "max": 5.54674243927,
        "mean": 0.437747657299,
        "median": 0.243595898151,
        "min": 0,
        "var": 0.379428207874
    },
    "zerocrossingrate": {
        "dmean": 0.0125679448247,
        "dmean2": 0.0160677488893,
        "dvar": 0.00026655709371,
        "dvar2": 0.00045055540977,
        "max": 0.5302734375,
        "mean": 0.112919569016,
        "median": 0.1044921875,
        "min": 0.005859375,
        "var": 0.00485980510712
    },
    "barkbands": {
        "dmean": [0.00162827968597, 0.0067702983506, 0.00137981376611, 0.00146160076838, 0.00232074526139, 0.000814366736449, 0.000422564422479, 0.000627640460152, 0.000413903180743, 0.000287080241833, 0.000249628123129, 0.0004475491005, 0.000342869054293, 0.000330326729454, 0.000396248564357, 0.000565063382965, 0.000672701164149, 0.000315279350616, 0.000323578133248, 0.000394994101953, 0.000340514117852, 0.00027482083533, 0.000106663632323, 9.86953164102e-05, 6.03557637078e-05, 1.03362926893e-05, 3.74266255676e-06],
        "dmean2": [0.0026562968269, 0.0122813265771, 0.00229667499661, 0.00237277965061, 0.00396467139944, 0.00136631308123, 0.00073901633732, 0.00111484911758, 0.000701092125382, 0.000475167384138, 0.000414893846028, 0.000754796084948, 0.000574722420424, 0.000547732925043, 0.000659060897306, 0.000947762047872, 0.00112552870996, 0.000537563639227, 0.000550249009393, 0.000679355405737, 0.000581671774853, 0.000469053164124, 0.000181990370038, 0.000163542747032, 9.9116776255e-05, 1.77988604264e-05, 7.0005089583e-06],
        "dvar": [1.41099471875e-05, 0.000293381046504, 3.03163983517e-06, 4.52429912912e-06, 1.88357353181e-05, 1.68888425378e-06, 7.79359311309e-07, 4.25967800766e-06, 6.70469432862e-07, 4.40066088458e-07, 7.22791810404e-07, 1.06315894755e-06, 4.67058299591e-07, 4.74094093761e-07, 2.94225372954e-07, 5.65813081721e-07, 6.4947738565e-07, 1.66273466107e-07, 1.93895274947e-07, 2.9831772963e-07, 3.114072058e-07, 2.17300822669e-07, 3.05453937699e-08, 3.4186598441e-08, 1.97158502857e-08, 7.65954855098e-10, 2.21403131939e-10],
        "dvar2": [3.50602713297e-05, 0.000823790673167, 7.5688499237e-06, 1.02016010715e-05, 5.26115982211e-05, 4.61526951767e-06, 2.18909008254e-06, 1.18084044516e-05, 1.81773884833e-06, 1.10032897283e-06, 1.7126393459e-06, 2.84571046905e-06, 1.19645835639e-06, 1.18431626106e-06, 7.26690871033e-07, 1.49109655467e-06, 1.68855910943e-06, 4.55357508145e-07, 5.26957933289e-07, 8.45628335355e-07, 8.63613934143e-07, 6.12957535395e-07, 8.5549636708e-08, 8.68563034828e-08, 4.75165577996e-08, 1.99324445838e-09, 6.41720121486e-10],
        "max": [0.0317316353321, 0.116107925773, 0.0434606671333, 0.0571572333574, 0.0580661222339, 0.0249165259302, 0.0098274005577, 0.0257087368518, 0.0199305638671, 0.018885685131, 0.0215782504529, 0.0169031303376, 0.0119800958782, 0.0147614479065, 0.00985183008015, 0.0200444459915, 0.0157984346151, 0.00815797131509, 0.00518752541393, 0.0067409016192, 0.0142931453884, 0.00696189934388, 0.00272021815181, 0.00334180356003, 0.00510121323168, 0.000596616591793, 0.000243650516495],
        "mean": [0.00148849596735, 0.00517359981313, 0.00188705627806, 0.00207374151796, 0.00319705181755, 0.00133533019107, 0.000539586646482, 0.000512071652338, 0.000610122049693, 0.000431272841524, 0.000343493331457, 0.000688118103426, 0.000500114867464, 0.000536774634384, 0.00073870079359, 0.00114383210894, 0.00151856965385, 0.000709624786396, 0.000667612534016, 0.00080237450311, 0.000780413334724, 0.000688765489031, 0.000292614509817, 0.00024067760387, 0.000149553263327, 1.64950779435e-05, 2.64818027063e-06],
        "median": [0.00021647795802, 0.001198845217, 0.00124054658227, 0.00119448592886, 0.00205965945497, 0.00093716516858, 0.000340870203217, 0.000104949125671, 0.000304919376504, 0.000165814388311, 6.1342092522e-05, 0.000185669428902, 0.000238844397245, 0.000318516831612, 0.000559711013921, 0.00092973530991, 0.00132507737726, 0.000648419605568, 0.000590859970544, 0.000708994688466, 0.000694850517903, 0.000618296093307, 0.000256083963905, 0.000196944602067, 0.000118781179481, 1.03135816971e-05, 5.46738647245e-07],
        "min": [2.30981653144e-25, 2.8866867963e-24, 4.73856271903e-25, 4.14748008959e-25, 5.44477634354e-24, 4.06861086097e-24, 9.30532198531e-24, 6.2498436072e-24, 6.07504780782e-24, 1.74688987612e-23, 1.63788081639e-23, 2.44845780016e-23, 1.01890915349e-23, 2.76699020958e-23, 3.81079707542e-23, 5.07681122767e-23, 5.26002007083e-23, 5.88943735652e-23, 1.17724880952e-22, 1.05682212414e-22, 1.88834203965e-22, 2.80569071585e-22, 3.69915154788e-22, 5.77597946838e-22, 8.32933263953e-22, 1.32147747313e-21, 1.98561333505e-21],
        "var": [1.29575491883e-05, 0.00019296570099, 4.67321342512e-06, 9.65146409726e-06, 1.61095449585e-05, 2.10410917134e-06, 6.23414678103e-07, 2.83135318568e-06, 9.43200348047e-07, 7.94394964032e-07, 1.04760817976e-06, 1.97786516765e-06, 6.69600581205e-07, 6.67186043302e-07, 5.42259442682e-07, 9.66855168372e-07, 1.24708481053e-06, 2.30276356206e-07, 2.44529132942e-07, 3.56228497367e-07, 4.20230776399e-07, 3.33717963485e-07, 5.76973704369e-08, 6.16283699628e-08, 3.31066942749e-08, 8.83419115638e-10, 1.22555507409e-10]
    },
    "erbbands": {
        "dmean": [0.327899843454, 1.03067886829, 1.32626438141, 3.53205871582, 5.19862985611, 10.082865715, 7.58688688278, 6.73592185974, 5.99590587616, 8.29290676117, 12.7985067368, 10.053027153, 8.80078983307, 9.82902145386, 11.173871994, 17.8769798279, 15.0338602066, 14.71671772, 18.0671272278, 22.097360611, 34.6113891602, 32.5451812744, 18.0118732452, 16.0414276123, 14.9081001282, 16.1427459717, 19.3094596863, 10.5392580032, 10.3646335602, 6.6746840477, 2.79532146454, 1.97197413445, 1.90562212467, 0.967652499676, 0.285170733929, 0.066837772727, 0.0158020984381, 0.00342686497606, 0.000585513480473, 5.86812566326e-05],
        "dmean2": [0.598788261414, 1.85340034962, 2.19941544533, 5.75172948837, 8.67087459564, 17.4772930145, 13.1507740021, 11.3259763718, 10.271232605, 14.5937671661, 22.7878646851, 17.2248687744, 14.7855529785, 16.0524749756, 18.7040710449, 29.7602767944, 24.9482288361, 24.3483276367, 30.1434631348, 36.7096214294, 57.5445899963, 54.0518112183, 30.4511833191, 27.1253757477, 25.6371612549, 27.9191837311, 32.9121170044, 17.8535785675, 17.5623703003, 11.681760788, 4.74158668518, 3.28396821022, 3.16326856613, 1.57961368561, 0.473459899426, 0.113047875464, 0.027402760461, 0.00626148702577, 0.0010943087982, 0.000107504565676],
        "dvar": [0.73463332653, 6.06124019623, 2.57075643539, 23.9796123505, 45.931350708, 449.234436035, 200.457733154, 121.236602783, 131.570770264, 516.989746094, 1663.46081543, 349.735748291, 448.077087402, 803.670166016, 1075.33740234, 1707.47924805, 799.463134766, 1078.06958008, 835.01550293, 1107.27172852, 1696.41174316, 1656.00183105, 562.73840332, 397.726989746, 618.922302246, 654.964904785, 764.072753906, 335.751586914, 302.64831543, 142.312545776, 20.1507816315, 16.1253261566, 10.2640275955, 4.75120925903, 0.438843488693, 0.0299866907299, 0.0020050460007, 0.000144065867062, 5.73446141061e-06, 3.72172088703e-08],
        "dvar2": [2.07149553299, 16.924823761, 6.5681271553, 55.6341514587, 118.810585022, 1251.11083984, 569.62097168, 327.649871826, 356.059967041, 1445.56811523, 4633.21923828, 958.806213379, 1243.81982422, 1936.24243164, 2813.64550781, 4578.25244141, 2021.9588623, 2694.48657227, 2049.25073242, 2939.82495117, 4379.06054688, 4220.76367188, 1545.13464355, 1070.53967285, 1713.5916748, 1853.69604492, 2170.55639648, 901.857727051, 845.594116211, 405.510375977, 56.2208480835, 42.0731201172, 26.0903205872, 11.4076242447, 1.09903168678, 0.0786213800311, 0.00517257815227, 0.000415815215092, 1.66481695487e-05, 1.06759884488e-07],
        "max": [5.53097438812, 18.3894882202, 30.1467533112, 100.786018372, 95.2961959839, 278.18649292, 236.1590271, 148.523254395, 174.423309326, 258.391967773, 523.844848633, 332.451446533, 611.751464844, 796.864501953, 988.598083496, 651.121765137, 460.470306396, 802.058776855, 508.810546875, 1002.30908203, 715.036499023, 781.760192871, 506.292724609, 366.72467041, 287.972076416, 338.538635254, 771.867553711, 451.039855957, 279.224914551, 155.614639282, 91.0367736816, 90.5157470703, 49.6456375122, 84.8392868042, 17.8848838806, 3.8561205864, 0.972119212151, 0.259352058172, 0.0506699942052, 0.0025347173214],
        "mean": [0.236075744033, 0.843394219875, 1.90870058537, 5.26331424713, 7.90155076981, 12.2529888153, 10.6131401062, 10.6906776428, 8.40954685211, 8.70452785492, 11.4285459518, 14.4451818466, 13.8646888733, 14.9068241119, 16.6009082794, 28.4727573395, 23.9916553497, 24.6553516388, 33.9473609924, 44.6906585693, 77.3046951294, 79.2484207153, 44.0855331421, 37.1430053711, 27.6908245087, 33.3427352905, 45.6373558044, 25.3235721588, 25.4541931152, 14.9714803696, 7.89705228806, 4.84415102005, 4.46018791199, 2.35159707069, 0.688408732414, 0.134478613734, 0.0233519431204, 0.00374561129138, 0.00043336089584, 6.60010846332e-05],
        "median": [0.0329831764102, 0.272029161453, 1.34787869453, 3.30070018768, 5.40222644806, 6.91453886032, 7.12566566467, 7.07427215576, 5.42982912064, 4.01636123657, 3.07354068756, 7.19131660461, 6.2183713913, 4.360683918, 3.17685270309, 8.8300743103, 11.6449127197, 13.2000217438, 24.2961158752, 35.6815605164, 65.0271606445, 70.2619934082, 40.7969818115, 34.1073188782, 22.7037220001, 29.1162796021, 42.3268737793, 21.6115074158, 22.2364006042, 13.0741329193, 6.89857196808, 3.93125391006, 3.65886688232, 1.84036517143, 0.555247604847, 0.100475490093, 0.013185034506, 0.00179741927423, 0.00010421895422, 3.61066886398e-05],
        "min": [7.60587625507e-23, 6.80440670201e-22, 9.20683828643e-22, 3.15074973441e-21, 8.4739386942e-21, 2.63511421917e-20, 2.25226869761e-20, 4.63737775483e-20, 1.00561652462e-19, 1.50570420283e-19, 2.56903376502e-19, 2.70706048246e-19, 4.25937372786e-19, 9.08816928362e-19, 6.82252934066e-19, 1.0050224797e-18, 1.20813502475e-18, 1.5565972655e-18, 1.74675275003e-18, 3.43466462758e-18, 3.90572227294e-18, 3.76671705254e-18, 3.81114905914e-18, 4.53551608464e-18, 7.62603614748e-18, 5.45238665024e-18, 6.99567075397e-18, 9.94059338052e-18, 9.52741087428e-18, 1.10981135338e-17, 1.01327838328e-17, 1.1283699776e-17, 9.13706599758e-18, 7.6831562775e-18, 5.60215845349e-18, 4.37860281757e-18, 2.33262099646e-18, 9.34214371697e-19, 2.53662482862e-19, 2.78972089956e-20],
        "var": [0.479609429836, 4.04178190231, 3.79978513718, 47.2393913269, 72.2093429565, 350.620758057, 174.543334961, 153.103942871, 127.742149353, 358.489776611, 1120.64001465, 462.209472656, 753.973632812, 1485.73962402, 1476.20275879, 3169.47705078, 1325.46862793, 1548.0255127, 1422.00183105, 1759.48876953, 3557.28515625, 3249.19970703, 824.596130371, 590.747314453, 612.465820312, 686.814758301, 1008.6920166, 560.982421875, 487.431793213, 167.484115601, 41.8598251343, 26.5528526306, 19.5515327454, 8.25132083893, 0.648143351078, 0.0352960973978, 0.00242129666731, 8.95177581697e-05, 3.16187220051e-06, 2.16083559934e-08]
    },
    "gfcc": {
        "mean": [13.736287117, 60.6676292419, -129.277145386, 65.3251419067, -56.5643310547, 14.9110689163, -47.2432022095, 5.19429302216, -23.1649456024, 0.043852172792, -19.4718284607, -1.69133937359, -3.30063414574],
        "cov": [[37044.3164062, 1332.86340332, -3667.28857422, 1747.64941406, -1723.0526123, 729.796630859, -1400.97790527, 336.207855225, -619.697387695, 158.018890381, -562.423095703, 55.4144020081, -133.279968262], [1332.86340332, 700.233398438, -314.073272705, 107.059616089, 38.8239707947, -139.273422241, -51.3660926819, -98.6934814453, -35.3168411255, -97.2846755981, -14.6502037048, -62.7082595825, 10.4593572617], [-3667.28857422, -314.073272705, 691.807800293, -95.9553909302, 208.883361816, -20.6250667572, 143.023742676, 2.94100093842, 99.898147583, 35.1425628662, 71.3419876099, 5.22879219055, 1.3420330286], [1747.64941406, 107.059616089, -95.9553909302, 358.775634766, -10.3086099625, 34.7933006287, -115.723381042, 3.73337197304, -6.47572994232, 25.8387832642, -27.8396377563, -22.1954288483, -1.92546570301], [-1723.0526123, 38.8239707947, 208.883361816, -10.3086099625, 230.273544312, -30.6086082458, 84.5504837036, -28.9283351898, 60.8151817322, 12.4084892273, 43.4159584045, -7.74560260773, 8.24447536469], [729.796630859, -139.273422241, -20.6250667572, 34.7933006287, -30.6086082458, 203.497314453, 51.0695075989, 67.5231552124, -6.94472742081, 28.5461730957, 3.81290364265, 43.9744567871, 10.776968956], [-1400.97790527, -51.3660926819, 143.023742676, -115.723381042, 84.5504837036, 51.0695075989, 188.780303955, 25.8454780579, 35.2116584778, -1.74481964111, 43.5220909119, 31.9969711304, 21.6890716553], [336.207855225, -98.6934814453, 2.94100093842, 3.73337197304, -28.9283351898, 67.5231552124, 25.8454780579, 82.6356201172, 21.6892414093, 29.8352203369, -3.65315914154, 21.6765499115, 5.8173956871], [-619.697387695, -35.3168411255, 99.898147583, -6.47572994232, 60.8151817322, -6.94472742081, 35.2116584778, 21.6892414093, 83.8040542603, 45.1952018738, 25.4070320129, 2.05987405777, 4.70722150803], [158.018890381, -97.2846755981, 35.1425628662, 25.8387832642, 12.4084892273, 28.5461730957, -1.74481964111, 29.8352203369, 45.1952018738, 83.918006897, 24.2139644623, 22.4621696472, -1.40586495399], [-562.423095703, -14.6502037048, 71.3419876099, -27.8396377563, 43.4159584045, 3.81290364265, 43.5220909119, -3.65315914154, 25.4070320129, 24.2139644623, 57.8015899658, 22.1710529327, 11.4671554565], [55.4144020081, -62.7082595825, 5.22879219055, -22.1954288483, -7.74560260773, 43.9744567871, 31.9969711304, 21.6765499115, 2.05987405777, 22.4621696472, 22.1710529327, 65.8654098511, 23.724357605], [-133.279968262, 10.4593572617, 1.3420330286, -1.92546570301, 8.24447536469, 10.776968956, 21.6890716553, 5.8173956871, 4.70722150803, -1.40586495399, 11.4671554565, 23.724357605, 39.7461624146]],
        "icov": [[0.000152605090989, -0.000377167976694, 0.000291553005809, -0.000277267507045, 0.000484880933072, -0.000464133860078, 0.00044575490756, -0.000414280337282, 0.000388777290937, -0.000729540479369, 0.000387630192563, -0.000382246566005, 0.000474843982374], [-0.000377167976694, 0.00501381512731, 0.00194636220112, -0.000905164226424, -0.00270888512023, 0.00314796087332, -0.00224326457828, 0.00256082531996, -0.00282923248596, 0.00622412888333, -0.00340803479776, 0.00227551185526, -0.0019558314234], [0.000291553005809, 0.00194636220112, 0.00460665021092, -0.00129844900221, -0.00150972360279, 0.000577756436542, -0.000483506330056, -0.000206359589356, -0.00163676624652, 0.00166658207309, -0.0018454635283, 0.000145199126564, 0.00139613100328], [-0.000277267507045, -0.000905164226424, -0.00129844900221, 0.00547495950013, -0.00181227398571, -0.00180936371908, 0.00306086451747, -3.53239520337e-05, 0.000166236335644, -0.00165336322971, 0.000844728667289, 0.00210797647014, -0.00276120775379], [0.000484880933072, -0.00270888512023, -0.00150972360279, -0.00181227398571, 0.0111479228362, -0.00180576555431, -0.00191116717178, 0.00298167369328, -0.00235482328571, -0.00389319984242, 0.000967599160504, -0.000356474716682, 0.00116049929056], [-0.000464133860078, 0.00314796087332, 0.000577756436542, -0.00180936371908, -0.00180576555431, 0.0115676242858, -0.00563006754965, -0.00367446080782, 0.00221227947623, 0.00203565717675, -0.00197175331414, -0.00115051667672, -0.000578178965952], [0.00044575490756, -0.00224326457828, -0.000483506330056, 0.00306086451747, -0.00191116717178, -0.00563006754965, 0.0148582477123, -0.00529316579923, -0.00109405431431, 0.00255362316966, -0.00325573910959, -0.00306074088439, -0.000174446002347], [-0.000414280337282, 0.00256082531996, -0.000206359589356, -3.53239520337e-05, 0.00298167369328, -0.00367446080782, -0.00529316579923, 0.0262325070798, -0.00991768762469, -0.00102837535087, 0.00618069665506, -0.000899965001736, -0.00273887231015], [0.000388777290937, -0.00282923248596, -0.00163676624652, 0.000166236335644, -0.00235482328571, 0.00221227947623, -0.00109405431431, -0.00991768762469, 0.0304930564016, -0.0182490143925, -0.00031115396996, 0.00589038664475, -0.003634293098], [-0.000729540479369, 0.00622412888333, 0.00166658207309, -0.00165336322971, -0.00389319984242, 0.00203565717675, 0.00255362316966, -0.00102837535087, -0.0182490143925, 0.0360720455647, -0.0134478043765, -0.00615648040548, 0.00578379072249], [0.000387630192563, -0.00340803479776, -0.0018454635283, 0.000844728667289, 0.000967599160504, -0.00197175331414, -0.00325573910959, 0.00618069665506, -0.00031115396996, -0.0134478043765, 0.0345435030758, -0.00854617916048, -0.0017979425611], [-0.000382246566005, 0.00227551185526, 0.000145199126564, 0.00210797647014, -0.000356474716682, -0.00115051667672, -0.00306074088439, -0.000899965001736, 0.00589038664475, -0.00615648040548, -0.00854617916048, 0.0318045467138, -0.0170292854309], [0.000474843982374, -0.0019558314234, 0.00139613100328, -0.00276120775379, 0.00116049929056, -0.000578178965952, -0.000174446002347, -0.00273887231015, -0.003634293098, 0.00578379072249, -0.0017979425611, -0.0170292854309, 0.0388162881136]]
    },
    "melbands": {
        "dmean": [0.00237449468113, 0.000851795193739, 0.000609459180851, 0.000542884750757, 0.000300808576867, 0.000149502142449, 8.91253293958e-05, 0.000106627252535, 9.58352102316e-05, 6.32486844552e-05, 4.44388497272e-05, 4.08019768656e-05, 3.4516753658e-05, 4.95088024763e-05, 4.57411188108e-05, 3.17454178003e-05, 2.94689853035e-05, 3.12805022986e-05, 3.13713935611e-05, 3.19945138472e-05, 4.90098900627e-05, 3.86840074498e-05, 2.8302652936e-05, 1.37127481139e-05, 1.43488387039e-05, 1.3374642549e-05, 9.52029768087e-06, 1.27253870232e-05, 1.57984322868e-05, 8.10065921542e-06, 6.10187453276e-06, 6.61575677441e-06, 5.524797416e-06, 3.15647753268e-06, 1.73780892965e-06, 1.52139523379e-06, 1.30240482576e-06, 1.47262392147e-06, 1.07623736767e-06, 8.40326094931e-07],
        "dmean2": [0.00429078005254, 0.00144693034235, 0.000993284978904, 0.00092373311054, 0.000524397823028, 0.000250604265602, 0.000153429966304, 0.000187563462532, 0.00016984915419, 0.000107574524009, 7.46659861761e-05, 6.6806380346e-05, 5.78787257837e-05, 8.398405771e-05, 7.61370611144e-05, 5.38080275874e-05, 4.90758684464e-05, 5.23768903804e-05, 5.23285707459e-05, 5.35934304935e-05, 8.23350492283e-05, 6.45185355097e-05, 4.82096256746e-05, 2.34244180319e-05, 2.44117472903e-05, 2.29987581406e-05, 1.66075733432e-05, 2.19305147766e-05, 2.70544278465e-05, 1.3818473235e-05, 1.02372214315e-05, 1.11099998321e-05, 9.68233325693e-06, 5.4720640037e-06, 2.94657411359e-06, 2.5388933409e-06, 2.17601427721e-06, 2.45761657425e-06, 1.76430876309e-06, 1.38548762152e-06],
        "dvar": [3.73692564608e-05, 1.71946771843e-06, 6.76456977544e-07, 9.53037726958e-07, 3.51807472043e-07, 5.72006548794e-08, 3.0035305798e-08, 9.93928992443e-08, 8.01360684477e-08, 1.47715262244e-08, 1.13031379811e-08, 1.31338051546e-08, 1.27123183091e-08, 1.50205625715e-08, 1.0078148982e-08, 4.40035341498e-09, 4.55313831083e-09, 2.78457035208e-09, 1.91659799142e-09, 2.85228640706e-09, 3.28654925497e-09, 2.43924880294e-09, 1.39117262155e-09, 2.99468505549e-10, 3.13632647631e-10, 3.79905801262e-10, 3.29891419737e-10, 3.31843913459e-10, 4.40119607426e-10, 1.79267975464e-10, 1.01204239433e-10, 1.06745279282e-10, 1.02963151893e-10, 2.79462859104e-11, 7.43445322665e-12, 6.6653041593e-12, 7.25153053924e-12, 5.99090482084e-12, 4.64819979382e-12, 3.46549980552e-12],
        "dvar2": [0.000104090853711, 4.61877607449e-06, 1.58085560997e-06, 2.63730316874e-06, 9.95804157355e-07, 1.54206801994e-07, 8.22279559998e-08, 2.75442147313e-07, 2.23077719852e-07, 4.04322939573e-08, 3.12094670107e-08, 3.17023101104e-08, 3.18206652139e-08, 4.04191133896e-08, 2.75002189909e-08, 1.1451373183e-08, 1.13919167433e-08, 6.96917101806e-09, 4.82192774598e-09, 7.6856574438e-09, 8.55525872367e-09, 6.31892849157e-09, 3.79901354819e-09, 8.26066715032e-10, 8.51334447383e-10, 1.03895103631e-09, 9.18994935706e-10, 9.48289224922e-10, 1.26266386236e-09, 4.93537599677e-10, 2.67697974898e-10, 2.96439206515e-10, 2.95184016119e-10, 7.89946372204e-11, 2.08482744957e-11, 1.8278871472e-11, 1.86522221279e-11, 1.54864922969e-11, 1.14976144924e-11, 8.40087114456e-12],
        "max": [0.0405111536384, 0.0116863632575, 0.0185816176236, 0.0138926338404, 0.00765118887648, 0.00363088585436, 0.0022657411173, 0.00346588576213, 0.00357552221976, 0.0024100583978, 0.00297990674153, 0.00318651506677, 0.0034326678142, 0.0022131097503, 0.00238350243308, 0.00113800156396, 0.00164977204986, 0.00109372113366, 0.00091174262343, 0.00182663626038, 0.000998002011329, 0.00105253967922, 0.00078339286847, 0.000282109744148, 0.000339995487593, 0.000239304063143, 0.00022115909087, 0.000238596025156, 0.000546380702872, 0.000330656766891, 0.000256132421782, 0.000185169395991, 0.000132419518195, 6.4034233219e-05, 4.59635339212e-05, 8.0841993622e-05, 4.9178070185e-05, 3.86918218283e-05, 6.37167104287e-05, 7.49388345866e-05],
        "mean": [0.00181928183883, 0.00102682749275, 0.000971057801507, 0.0007441455964, 0.000414832204115, 0.000243579488597, 0.000124603233417, 0.000102342455648, 9.00607265066e-05, 9.1866706498e-05, 6.73804242979e-05, 5.93318727624e-05, 4.93793304486e-05, 7.36334477551e-05, 6.90393644618e-05, 4.51345149486e-05, 4.58325266663e-05, 5.33986385562e-05, 5.71474884055e-05, 6.15863682469e-05, 0.000100893455965, 8.63979075802e-05, 5.829476504e-05, 2.96653506666e-05, 3.0149025406e-05, 2.49044078373e-05, 1.40222373375e-05, 2.52553963946e-05, 3.49230504071e-05, 1.72097043105e-05, 1.34911679197e-05, 1.54251974891e-05, 1.13247615445e-05, 6.80372431816e-06, 4.54716791864e-06, 3.7178506318e-06, 2.70921168521e-06, 3.29274189426e-06, 2.44348916567e-06, 1.8738099925e-06],
        "median": [0.00034107605461, 0.000621701299679, 0.000648041605018, 0.000468020996777, 0.00027839129325, 0.000166759899002, 8.20370478323e-05, 3.95705319534e-05, 2.67603609245e-05, 4.56158450106e-05, 2.89555118798e-05, 1.74919296114e-05, 8.93308788363e-06, 1.66363934113e-05, 2.96438738587e-05, 2.04642092285e-05, 2.4048733394e-05, 3.67036445823e-05, 4.32874876424e-05, 4.88157747895e-05, 8.29179625725e-05, 7.39411989343e-05, 5.18086490047e-05, 2.6869802241e-05, 2.71215158136e-05, 2.09871104744e-05, 9.77011859504e-06, 2.20182082558e-05, 3.21070074278e-05, 1.48236103996e-05, 1.1053624803e-05, 1.31637716549e-05, 9.58017335506e-06, 5.76487400394e-06, 3.84532131648e-06, 3.06188121613e-06, 1.98481029656e-06, 2.64833715846e-06, 1.925255674e-06, 1.43211127579e-06],
        "min": [7.97970621651e-25, 8.19078172892e-25, 7.1452950035e-25, 1.35476003774e-24, 8.26900468324e-25, 8.38400679816e-25, 1.93284411301e-24, 2.08871119496e-24, 1.96315609329e-24, 1.47164023325e-24, 1.78797789359e-24, 3.10346419533e-24, 2.1622896321e-24, 3.05120827403e-24, 1.17466812206e-24, 1.77025633057e-24, 2.51097837955e-24, 1.5054242862e-24, 3.63794644926e-24, 3.43806487309e-24, 3.59225680892e-24, 2.96112765562e-24, 4.99535124179e-24, 2.38270446877e-24, 3.36818836297e-24, 4.54287837592e-24, 4.83343162453e-24, 3.25136338772e-24, 3.58079820984e-24, 4.3200109707e-24, 4.91401692144e-24, 4.58403877137e-24, 4.50281962472e-24, 5.16963230942e-24, 5.64346161214e-24, 4.65138422128e-24, 6.52452418554e-24, 4.93351164656e-24, 6.52676297279e-24, 5.57829539049e-24],
        "var": [2.52191948675e-05, 1.64312575635e-06, 1.35813490942e-06, 8.61212981818e-07, 2.83168333226e-07, 7.38429690728e-08, 2.78459690861e-08, 6.79571954265e-08, 5.63994788649e-08, 2.0112889132e-08, 1.90251832066e-08, 2.4122542186e-08, 1.73045595631e-08, 2.68573927542e-08, 1.47462193567e-08, 5.80384407201e-09, 6.15582784746e-09, 4.1789118832e-09, 3.34223693166e-09, 3.85303655648e-09, 6.5194600829e-09, 4.49199566432e-09, 1.87134485685e-09, 4.11661565947e-10, 4.3798445426e-10, 4.24446311431e-10, 2.76999811977e-10, 3.74961756089e-10, 5.79405745604e-10, 2.37487279842e-10, 1.85812240594e-10, 1.857896198e-10, 1.11990514085e-10, 3.50802061011e-11, 1.46565416054e-11, 1.22104253791e-11, 1.09740385182e-11, 1.07926619031e-11, 8.10549630886e-12, 5.70380244772e-12]
    },
    "mfcc": {
        "mean": [-598.876403809, 72.2384796143, -6.92991256714, 39.7286071777, 13.6110086441, 9.74857997894, -6.14310026169, -0.769872128963, 4.18745803833, -5.42489433289, -5.05042982101, 0.15012909472, -3.41198682785],
        "cov": [[10354.0527344, 700.01385498, 15.7669858932, 239.77557373, 190.855941772, 182.431411743, -57.0904045105, 57.0391540527, 140.341400146, -15.5016174316, 24.265838623, 99.1412734985, 21.411403656], [700.01385498, 673.582275391, -200.892608643, 157.046340942, 10.6379776001, -16.1737709045, -24.3560123444, -16.5446109772, -38.7411956787, -48.9038734436, -57.1866531372, -16.4039573669, -27.8927555084], [15.7669858932, -200.892608643, 248.177886963, 23.3955402374, 37.0659370422, 19.1729717255, 8.23783588409, 7.41191005707, 16.5663166046, 21.0892715454, 25.8625297546, 4.03615760803, 6.57726716995], [239.77557373, 157.046340942, 23.3955402374, 295.232757568, 127.205307007, 27.7428016663, -47.6851119995, -45.0542297363, -17.173789978, 21.9552669525, 2.35972166061, -19.9455528259, -20.4889659882], [190.855941772, 10.6379776001, 37.0659370422, 127.205307007, 149.469177246, 38.5945968628, -24.4825057983, -29.0066833496, -0.799069166183, 23.4975700378, 14.7249450684, 2.20414400101, -13.6359977722], [182.431411743, -16.1737709045, 19.1729717255, 27.7428016663, 38.5945968628, 104.086761475, 44.9033508301, 30.2595901489, 15.3883800507, 12.3723115921, 17.8889389038, 10.7005500793, 16.7257499695], [-57.0904045105, -24.3560123444, 8.23783588409, -47.6851119995, -24.4825057983, 44.9033508301, 96.3544692993, 56.6689414978, 16.3935260773, -3.49232625961, -1.77419030666, 7.59222793579, 19.8794326782], [57.0391540527, -16.5446109772, 7.41191005707, -45.0542297363, -29.0066833496, 30.2595901489, 56.6689414978, 81.9302902222, 34.4614067078, -2.61213326454, -4.61067867279, 5.78496408463, 19.9723052979], [140.341400146, -38.7411956787, 16.5663166046, -17.173789978, -0.799069166183, 15.3883800507, 16.3935260773, 34.4614067078, 57.6328010559, 24.3752918243, 13.3423538208, 4.62072753906, 9.67164802551], [-15.5016174316, -48.9038734436, 21.0892715454, 21.9552669525, 23.4975700378, 12.3723115921, -3.49232625961, -2.61213326454, 24.3752918243, 65.610244751, 36.0321807861, 7.60907077789, 2.52058434486], [24.265838623, -57.1866531372, 25.8625297546, 2.35972166061, 14.7249450684, 17.8889389038, -1.77419030666, -4.61067867279, 13.3423538208, 36.0321807861, 57.0001754761, 22.8291416168, 11.9038743973], [99.1412734985, -16.4039573669, 4.03615760803, -19.9455528259, 2.20414400101, 10.7005500793, 7.59222793579, 5.78496408463, 4.62072753906, 7.60907077789, 22.8291416168, 43.9139289856, 21.6926803589], [21.411403656, -27.8927555084, 6.57726716995, -20.4889659882, -13.6359977722, 16.7257499695, 19.8794326782, 19.9723052979, 9.67164802551, 2.52058434486, 11.9038743973, 21.6926803589, 48.6785545349]],
